$ANSIBLE_VAULT;1.1;AES256
30666638336466323163373130393039366164303232376639633430336339313935626435616230
3961303165386466326464326661633135643733336233610a373734333536383035323464643735
31323234393733613435346264303165356539653337663662393839626432363764626561316438
3732383361633763390a316564316438666636646436636136333232653366393863323532633533
65643262316633666164613834656237346463656238393639363964353930363533386237353034
63373132376632383531613535333837613737666637666133633966383063336530396637363736
61386330633864323334393637656234643861393066633564386330623966316231333431373738
39306661646163303665373030303138393162303734326163376139323338306664663062653334
34353466633638613138373335633665383833363834326430346436646532373364376464613061
37316236376537383838313135643236373535333935326137386337326337373737623332386636
39366136666165626633326138323339653434313663346236623230333665376235386535353934
61326234346239616564316265393261306338663739356133666638313535373236376339373830
62626339396562386630386464356264646366346662303662333133346266353764646262356438
33333632653535393236646163613237316561333432316333316665343165323164316533316139
36353637613435303031633165386439666264323162376635333166663061323932363261623633
36643638393735313361323833646562626365306538623364333234313233373265313438636530
39373838623231383335366164616438393637343633333437333238303762663833386165653432
36346564366438326163316261396563396561333564353438383566373133383035613633656663
61626661303932376533366630396636653564346237326563343235313032316431343865336564
66613634643936346135643564363462303833666132306135666636343835383530613536303537
31306432316133663939396334373334623533653664633564633963393031626535646464613936
66643037353832313961396139303639336462653866373134356335383738666131363562353163
64666230346233646561346638366463356231306234636434663535353633336233363066346164
62323662333130393562663165323339666232636235326434613836383037653636613830343436
32643863633739666538396536343834383132636463373237313831363261346536656463646164
62666165663334323332616330636665633866393730313633646539643432306334636234316466
32313239396464636663396662373964306561363037356439303638653664383761373430663734
34663365353733663766393330393238373532356462356438353761663932366663623866346563
64626361636334303466343935366161353565396664343962663038353362323665323138623666
33376438366131383430623135396534336334376263316432336333313137336233373964313238
31653235663834613932646230346363303762636630646431656266303261326432383339313664
34356464313336386264356339346536636165663731363235343432373663363066363132663835
62303538613234373331386331653266333561653666643730326266313530633763316533336638
35643834366330393833663336663066643631336462306139623334626164363261326262383737
36346431326364316464373036393036363831346532613436326231623366653031393161623139
34373337353331353530636562326261303834353939343062306663353439636563303966613435
62333532323331646465626432633634366366346133643262633432323037366338656634313839
62373633643839623239346233323034343835643161393637313938333939666530643831626430
36356533313965666463333963383164323362303666343339333030303736373438303765613661
63353364653433663161626566343532383135626233653732623838363835663237343830363033
65333932343334646338616637666362653165656536393834383462336535626637343433633565
35633162373962666136336434393666393535323633323139323038616162343939393064323739
66396333393430623236343162653434383962326536613833653662613332363330366634353061
35376333636364616163656666643033326265626533666138623163663637643235623634613964
62326365643233383734363139386230356433383962616438326635393934636430353332316530
30326534663136313663393031623336626265616336666463346532323337626266626531323837
33326139333661326566656133396335303633663362303339303433306265656537353931393536
64303363353738396636316436356235363661363633333066376261366265383737656133343764
38343433343231313338376335623230613635656364346534343236616538353063663234316637
35303937383663643634663365346238333833666464363337333766663734643636386664663935
38396566386134313130316336613665666339363031306231333837633533616236613566666666
36643762396231656235653634636262363137323334313436323539393666353237316634316231
37626632323233643563396137326637333235343137663032643063393533643263393865323131
35643237616364343665363431393665343335393333656436633362386534376363373138613739
64393566376238633533623136383730393135313034663530373765313163373535356164323339
36333333636231623365653561383734383034646631646338623665656364623032306562386532
31383030303637393439343039356538366161333964336530376261333864636638373563636664
61376564646535623136383862663532313733636465323339633033383431626630656563333334
61653239656239653132376465386134613733393739626431306135613764623366343261626232
38383931376162373064623732653064363730623638363862363634353836396531626434356661
66353165663164666538666138343363303866303935323935333931393763376364343737346162
65376336363563353361346339613330306433376139376533376631656661373866383932326661
62393630343931613264383064666137366337343065356434323137363038353534393566653966
36343133323830346338363363366461303931376261646439363336653564633462373131306362
38663461666632313863333964363265663261323166653631343038653461336133366662393230
36326431623761353432356363313833306161333163383637393965636463633539613536623538
37336366633665333539373137373432373536323239613433356261313932326131306563303431
64613830333132623761623834386563646530346564613063623230636337303830386665343035
66633230313361383565313331363832393666663636643863356332613133393132623431623433
39643433303839313534363933346364633037386465383065616132653930366134356563636565
39353563613166623361623065643065646230303331666631363534356335316266643534356365
38386139356262323063646335356132323239396539393936613131333730353938343138353766
62333339356138366563333536313130636330356337633364386363396165613165643839353866
33346630356231643132333034396537636662326361653939306638333364323635353431356562
34623037623536376362663464633334353136323737353962646562386166656434383730306436
37343863633461313638626430613235613535666139356432333764626633656636343064393666
37653134373433623832343163653765633061663162623836613438303166623131303065356633
61646363376634643964623232396462383533343266633264386439356166333132663935613938
30656465643363386631666234343833366338353634666332383536343530653535383562333165
36623463393165623135613632356338653365633637353434643530353032363632303930303037
34333831396163383132353534356265306633343262643134366230616135626161306663363232
34646430363762646564633834323464613739616366323865343665643836303666306461386632
39343637346439353133316331353166656366613365323464343064383433666164376535626530
39636635333337383238643339313732623330633361326666633936663162616531336266616135
63393733636663633931303339393561303133653332363735623139383661343537383466656138
63376336306138313534656230626261646462646134623636306537643036346433323164353264
62626531346434323038313735303063393739646636663761646638363536376663653237373131
30393431633433363035353562656432376262323138396635396662383831363633303139396166
66306632303764666533323330626431356163653336376531636161376631356232626239393165
35393732326234386437643066396338373839616261616162646437396563613032313730303035
36646466333539303961353162616234653961383038653036633538633036343062376465346362
64666634623566633636313666326563396461663930356264626635363365636434663235613461
35303030663139653032663035313336366266316530383861353235306566353938656663356630
32666661306532383062323434326130326234353231386333303664616238636266653931646562
34396236633436623036396165383063626563656636666661343366393736393364396165616230
66383431303133643065313630613032666565363962323263663766396433303035313139643433
34663736643233346662326337333964383535653631393766373036366462373034393936333034
65373261363236303234646364346232376666336130633135303130323738373737316436393030
61376335366331646361633834306461373036393738386537356330653966303739326533363264
37343163326165336361666432633937303261636334353633656337323434613161313438396431
35373866326263656632393462346535386334666134636334383130313430336664663733616331
66663038663033353831633166323737346263353364313733353830383662353936663362336463
31653437333033336437303861313533306566666338626234383233326165363739386330316139
38386363343066613765363532613163613337633338343761343864313661626335343062363731
33346238346263336132323737376332303437653939326636643764366530363039356566643031
31353136333536376564333661386438323762366435646534373265636638303731613031326461
62333935313364333130626336393137346665313764663437383463393964343865396536316163
66366239663864663434323337376630616236336435386131636532646663643838383265653066
34336662396634666139646338336536376336353230353163646261396330373666386237333965
34386563626462613934373765613665653330343536663332633139623938613033396562613733
37653866326632326639313264363561666338333636343433373365373031363366346131333237
38363339366361363231363365316330393961633834313837346238373362653663623161313530
38633062366562306366666666366365356436313264653130336233336266326536363066306532
39613864333631343738373166366333376266663531666630613261393939633934323934323866
30383261306134316332393536303039303236643732633337306232356330653266326162643336
65303935613330663235376462326561656565633331366138326237663436363536663632626565
34396231646265663733393733396238353263666336326464656533323337613033613734623335
39343338323932396161303439393530343239363666313930623435386561363336383439323130
30386364653065393231336337393730353965636134653864396166343539626236653934353732
33393637326437386565323835366661353935643535623663346362323534653432643339656335
31326261633163626430303635316636353230623964313564623765333132656134636138343964
61653134373135373133373237373262353534646366646536353363626331346463646165326234
37376464613131326165326464373539633865626230346539396433663762306665356161666233
61386435333431303332303136363738386564363832353166326534306162653165636638346264
65356466373335303566643862366465396564616164303763313066396161346535333538323862
38373762303031393835623835613133366531306139343066373934613639353766653033383862
66656236336437663437313832396263343164636431663064633864666166383132616239636230
61613033646366613261383163323434666663636236343562303634626238613364626532383130
66643766373634393365653332363236373639376436373539613264653963313835306431303164
38666466633834306366616365383437303137623437663031323835363735373539306337613662
32613133663536666462316534633631653830343332393161663538356234616238336438616234
33613332636336393763636365663937353536373137316138643131323565633038323630383966
38373966666263643438323865393239353862336231356364626139393064663564343763626539
61376665643732633963663139646364646237623636626361316166616265343165316564303936
32343537643862363939316539316635616332323939663863363835316666396262613064646331
62383534346364663431306336623738303363376237646635313638616535333936356232376232
35346638656335363132623639663030356633643664646638663063623136623665353933303065
38356162386432363333653230393265663739386431623332363364333034323235633138303439
31373865616635326431373439616562663230636137383662346631386366633863313165646235
63633135653139353463613862666230383639313131656165643762613737316563396537316264
65366139313565393662346163353530616132306261646266336539303834663432313130326163
37336535393162616632373165633831616661653530656339396631376634366261356538666536
38363763613931656334626163353761663162346261343832313031316665396265666266303535
34326236323638393463626533633965376637396134346132346536316137313266333933376665
31623433393031333764326330373661386230396337613961646133343361343764313139616463
66656165353063343536356236663837346365636664343337666532666463646331346438356262
34386562643032333639643632303533373465656438313337643538653038303639383634646335
39323535656333623933323039323532666136623232323862326237346535336238393231356237
61656133366165613830303264633563353137663566363335636437633466353065356137363536
61333831326632313530316264333238613964326333303130353934653030356531333237323232
31383066613931613436373463386332303937383936353366333238383637333436616132303566
63373132643161396162373535373932613837323633373061633530653766336134666564643763
30336237323932653462363562346234393261613931303531323239626262643531633932646463
32633965623361396636336337633533303139633230306462343134626235353531633834633063
36356236623061386632633062666238323063353830343462313738656334643232396630623530
37356161613036316335663166376131323239626531303463666466663637336335346633616131
63373766623934383335393766346565366139646465376134613039656639353032633763303936
63616533613365333061346136613134636135386531363162663435386461376562633539313930
30663665646439633162313966353332323830626630623837636139303862623430333165643261
34343035613165373564376232313030356138303438306434396635666637393634643039633030
38623738323930623662383939326561646665396636373736623965653766636561626666313837
63623932383466653866396464613834343762663465643265653164623363393965313634313637
63346461303466383462343239373366626561633134333939373933653436653235386138323739
63343530376235616431346535343733636539633739313131633436306338636637313734336335
31653566633437616532653332366139636161396465653462336466373638333534306431613630
33373264303336353964313361303431646130636338333937376133393361623762333434326533
39356437336339626262363030366265663637636637393438363433613638633337303332643130
33363530626132636162353133643631326635616365333635303664353837313035343539363362
61303933333136346336376630616135343361333032646161616538366539386132
